   0.0000000e+00  -3.1641000e+01   2.6093147e+01   2.5429760e+01   7.9165962e-02  -2.7136069e+01  -1.7480429e+01  -1.1378843e+01  -2.7153463e+01  -1.8742840e+01   1.1611932e+01  -2.2050094e+01   3.3298773e+01  -3.4378230e-01   1.1333905e+01  -3.0637082e+00  -7.7980021e+00  -9.5607842e+00   8.1896408e+00   3.9404396e+00  -1.0168473e+01   1.8873581e+01  -2.1864324e+01   2.0051073e+01   4.1370444e+00
  -3.1641000e+01   0.0000000e+00  -7.6128078e+00  -2.4251721e+01  -8.1698375e+00  -1.1300722e+01   1.1793869e+01  -2.4170062e+01  -2.9119763e+01   2.3249848e+00   8.5843054e+00  -2.4564518e+01   9.4198300e+00   7.0927747e-01   1.9274700e+00   1.8670449e+01  -2.1356828e+01   1.7028069e+01   4.5761502e+00  -4.4301633e+00  -2.0624480e+01  -2.0958778e+01   6.3895860e+00  -8.4759704e+00  -2.2578961e+01
   2.6093147e+01  -7.6128078e+00   0.0000000e+00   2.5411805e+01  -2.7120550e+01   1.7492646e+01  -9.1190284e+00   1.8106589e+01   1.8481861e+01  -1.7598716e+01  -2.1009428e+01  -1.6466499e+01  -1.6249639e+01   1.1273361e+01   2.1053034e+01  -1.6954961e+01  -5.1412281e+00  -1.2957075e+01  -2.0726725e+01  -2.0003453e+01  -1.1769086e+01  -1.4620817e+01  -1.2358056e+01  -2.3517396e+01  -5.5122941e+00
   2.5429760e+01  -2.4251721e+01   2.5411805e+01   0.0000000e+00   2.2605943e+01   6.9441190e+00   3.1502162e+00   9.8443616e+00  -4.5447009e+00   1.8665146e+01  -1.9332006e+01  -1.7488360e+01   1.7960164e+01   6.1213786e-01   2.0344405e+01   1.0125828e+01  -5.5798817e+00  -6.2683046e+00  -1.7578568e+01  -7.1097762e+00  -3.8438801e-01   7.2078025e+00  -1.0293446e+01   2.2338435e+01  -1.1147440e+01
   7.9165962e-02  -8.1698375e+00  -2.7120550e+01   2.2605943e+01   0.0000000e+00   6.9900797e+00   1.4541946e+01  -2.3989680e+01   2.0484824e+01   1.1438921e+01  -1.3199352e+01  -3.7632280e+00  -2.1299030e+01  -1.2913208e+01  -4.2693326e+00   8.4891822e+00  -1.8347709e+01   2.9497632e+00   2.3820915e+01  -3.4588277e-01   1.4744569e+01  -1.4021414e+01   2.3251301e+01  -2.3147233e+01  -6.0841346e+00
  -2.7136069e+01  -1.1300722e+01   1.7492646e+01   6.9441190e+00   6.9900797e+00   0.0000000e+00  -6.7690376e+00  -1.7583099e+01  -3.9147082e+00   2.3282062e+00  -1.4536001e+01   1.0969123e+00   1.4341957e+01   2.7445770e+01   7.2259355e+00  -1.1986499e+01  -5.1128575e+00   1.3619768e+00  -5.5191867e+00   7.4458700e+00  -8.9098042e+00   1.1165265e+01   4.6828969e+00   2.4231178e+01   6.4175578e+00
  -1.7480429e+01   1.1793869e+01  -9.1190284e+00   3.1502162e+00   1.4541946e+01  -6.7690376e+00   0.0000000e+00  -1.6226671e+00  -2.3265045e+01   4.7779369e+00  -2.4204706e+01  -8.4313658e+00  -1.6979458e+01  -6.5194844e+00   2.8821968e+01  -1.9646791e+01  -1.5253571e+01   1.6873579e+01  -2.0936379e+01  -9.6784967e+00  -1.2793903e+01  -1.5052316e+01   5.2464469e+00  -6.2500844e+00  -1.1602758e+01
  -1.1378843e+01  -2.4170062e+01   1.8106589e+01   9.8443616e+00  -2.3989680e+01  -1.7583099e+01  -1.6226671e+00   0.0000000e+00   1.3818796e+01  -1.7380210e+01   1.6853592e+01   9.4290673e+00  -2.5747733e+01  -1.2950133e+01  -4.6224937e-01   1.5603408e+01   1.2165371e+01  -7.5994063e+00  -1.4373153e+01   6.4859301e-01  -1.7160132e+00   2.1772907e+01  -1.9424945e+01   4.1332034e-01   4.1055467e+00
  -2.7153463e+01  -2.9119763e+01   1.8481861e+01  -4.5447009e+00   2.0484824e+01  -3.9147082e+00  -2.3265045e+01   1.3818796e+01   0.0000000e+00   3.1790688e+01   1.6732499e+01  -6.4695746e+00  -1.4755909e+01  -6.7893235e-01  -3.2858083e+00   5.6879075e+00  -9.4581527e+00  -1.8501309e+01  -1.7375742e+01  -1.6444722e+01  -9.8620501e+00  -2.3155072e+01   1.7685763e+01  -2.2029685e+01   1.2327811e+01
  -1.8742840e+01   2.3249848e+00  -1.7598716e+01   1.8665146e+01   1.1438921e+01   2.3282062e+00   4.7779369e+00  -1.7380210e+01   3.1790688e+01   0.0000000e+00   4.1287942e+00  -1.1859304e+01   9.5443883e+00  -2.8571878e+00  -2.4112625e+01  -1.1504156e+01  -1.0003875e+01   2.3431151e+01  -7.8480566e+00  -7.0373600e+00  -8.7955950e+00  -1.9658079e+01  -1.6680556e+01  -5.3706160e+00   1.3392885e+01
   1.1611932e+01   8.5843054e+00  -2.1009428e+01  -1.9332006e+01  -1.3199352e+01  -1.4536001e+01  -2.4204706e+01   1.6853592e+01   1.6732499e+01   4.1287942e+00   0.0000000e+00  -1.6478348e+01   1.4981981e+01  -1.9266078e+01   3.0473190e+01  -2.9844407e+01  -1.7104170e+01  -2.5048430e+01   2.5453224e+01  -2.4174140e+01  -1.1263453e+00   8.4099434e+00   1.8830808e+01  -2.8032302e+01  -1.6483203e+01
  -2.2050094e+01  -2.4564518e+01  -1.6466499e+01  -1.7488360e+01  -3.7632280e+00   1.0969123e+00  -8.4313658e+00   9.4290673e+00  -6.4695746e+00  -1.1859304e+01  -1.6478348e+01   0.0000000e+00   4.2560048e+00  -2.7763514e+00  -1.4014215e+00  -2.6901056e+01  -3.6790182e+00  -1.8368571e+01  -1.7348937e+01  -1.6760960e+01   6.8036480e-01  -5.0141931e+00   2.5602944e+00   7.4865405e+00   1.9744034e+01
   3.3298773e+01   9.4198300e+00  -1.6249639e+01   1.7960164e+01  -2.1299030e+01   1.4341957e+01  -1.6979458e+01  -2.5747733e+01  -1.4755909e+01   9.5443883e+00   1.4981981e+01   4.2560048e+00   0.0000000e+00   8.1473803e+00  -1.5425786e+01  -5.2427588e+00  -3.5218989e+00  -1.5312888e+01   1.4748308e+01   1.3705011e-01  -1.0362489e+01  -2.2537377e+01  -9.8821964e+00  -2.3617233e+01   8.4731396e+00
  -3.4378230e-01   7.0927747e-01   1.1273361e+01   6.1213786e-01  -1.2913208e+01   2.7445770e+01  -6.5194844e+00  -1.2950133e+01  -6.7893235e-01  -2.8571878e+00  -1.9266078e+01  -2.7763514e+00   8.1473803e+00   0.0000000e+00   1.2909638e+01   6.3758994e+00   1.0775158e+01   8.6147441e+00   2.4102527e+01  -1.2905105e+01   1.1027207e+01   7.6458310e+00   9.0002761e+00  -2.5963922e+01  -5.9553156e+00
   1.1333905e+01   1.9274700e+00   2.1053034e+01   2.0344405e+01  -4.2693326e+00   7.2259355e+00   2.8821968e+01  -4.6224937e-01  -3.2858083e+00  -2.4112625e+01   3.0473190e+01  -1.4014215e+00  -1.5425786e+01   1.2909638e+01   0.0000000e+00   2.0054041e+01  -1.0846141e+01  -1.8931399e+01   1.2315197e+01  -6.7534404e+00  -1.7581239e+01  -1.5251748e+01   8.5581267e+00   1.6075320e+01   4.4900983e+00
  -3.0637082e+00   1.8670449e+01  -1.6954961e+01   1.0125828e+01   8.4891822e+00  -1.1986499e+01  -1.9646791e+01   1.5603408e+01   5.6879075e+00  -1.1504156e+01  -2.9844407e+01  -2.6901056e+01  -5.2427588e+00   6.3758994e+00   2.0054041e+01   0.0000000e+00  -9.9533568e+00  -1.5861253e+01  -2.2748937e+01   2.1185736e+01  -2.3482643e+01   1.9605932e+01  -1.9700940e+01   5.3137814e+00  -1.4712454e+01
  -7.7980021e+00  -2.1356828e+01  -5.1412281e+00  -5.5798817e+00  -1.8347709e+01  -5.1128575e+00  -1.5253571e+01   1.2165371e+01  -9.4581527e+00  -1.0003875e+01  -1.7104170e+01  -3.6790182e+00  -3.5218989e+00   1.0775158e+01  -1.0846141e+01  -9.9533568e+00   0.0000000e+00   1.3992503e+01   3.7832191e+00  -4.9726656e+00   2.8537927e+00  -1.5521006e+00   1.1447351e+01  -1.3395155e+01  -4.3655884e+00
  -9.5607842e+00   1.7028069e+01  -1.2957075e+01  -6.2683046e+00   2.9497632e+00   1.3619768e+00   1.6873579e+01  -7.5994063e+00  -1.8501309e+01   2.3431151e+01  -2.5048430e+01  -1.8368571e+01  -1.5312888e+01   8.6147441e+00  -1.8931399e+01  -1.5861253e+01   1.3992503e+01   0.0000000e+00  -2.0331885e+01  -5.5353730e+00   4.1116108e+00  -4.2167443e+00   2.2687166e+01  -2.1547983e+01  -8.3767963e+00
   8.1896408e+00   4.5761502e+00  -2.0726725e+01  -1.7578568e+01   2.3820915e+01  -5.5191867e+00  -2.0936379e+01  -1.4373153e+01  -1.7375742e+01  -7.8480566e+00   2.5453224e+01  -1.7348937e+01   1.4748308e+01   2.4102527e+01   1.2315197e+01  -2.2748937e+01   3.7832191e+00  -2.0331885e+01   0.0000000e+00  -2.3458883e+01   2.1309589e+01  -8.4001827e+00  -1.5778805e+01  -5.0170211e-01   6.9603678e+00
   3.9404396e+00  -4.4301633e+00  -2.0003453e+01  -7.1097762e+00  -3.4588277e-01   7.4458700e+00  -9.6784967e+00   6.4859301e-01  -1.6444722e+01  -7.0373600e+00  -2.4174140e+01  -1.6760960e+01   1.3705011e-01  -1.2905105e+01  -6.7534404e+00   2.1185736e+01  -4.9726656e+00  -5.5353730e+00  -2.3458883e+01   0.0000000e+00  -1.0802802e+01   1.9753390e+01  -1.6687919e+01   2.7004095e+01   9.1465018e+00
  -1.0168473e+01  -2.0624480e+01  -1.1769086e+01  -3.8438801e-01   1.4744569e+01  -8.9098042e+00  -1.2793903e+01  -1.7160132e+00  -9.8620501e+00  -8.7955950e+00  -1.1263453e+00   6.8036480e-01  -1.0362489e+01   1.1027207e+01  -1.7581239e+01  -2.3482643e+01   2.8537927e+00   4.1116108e+00   2.1309589e+01  -1.0802802e+01   0.0000000e+00  -1.1360706e+01   5.9684726e+00  -1.9985505e+01   5.2490906e+00
   1.8873581e+01  -2.0958778e+01  -1.4620817e+01   7.2078025e+00  -1.4021414e+01   1.1165265e+01  -1.5052316e+01   2.1772907e+01  -2.3155072e+01  -1.9658079e+01   8.4099434e+00  -5.0141931e+00  -2.2537377e+01   7.6458310e+00  -1.5251748e+01   1.9605932e+01  -1.5521006e+00  -4.2167443e+00  -8.4001827e+00   1.9753390e+01  -1.1360706e+01   0.0000000e+00  -1.8847290e+01   1.8251342e+01  -1.1805775e+00
  -2.1864324e+01   6.3895860e+00  -1.2358056e+01  -1.0293446e+01   2.3251301e+01   4.6828969e+00   5.2464469e+00  -1.9424945e+01   1.7685763e+01  -1.6680556e+01   1.8830808e+01   2.5602944e+00  -9.8821964e+00   9.0002761e+00   8.5581267e+00  -1.9700940e+01   1.1447351e+01   2.2687166e+01  -1.5778805e+01  -1.6687919e+01   5.9684726e+00  -1.8847290e+01   0.0000000e+00  -1.9877007e+01  -7.7179743e+00
   2.0051073e+01  -8.4759704e+00  -2.3517396e+01   2.2338435e+01  -2.3147233e+01   2.4231178e+01  -6.2500844e+00   4.1332034e-01  -2.2029685e+01  -5.3706160e+00  -2.8032302e+01   7.4865405e+00  -2.3617233e+01  -2.5963922e+01   1.6075320e+01   5.3137814e+00  -1.3395155e+01  -2.1547983e+01  -5.0170211e-01   2.7004095e+01  -1.9985505e+01   1.8251342e+01  -1.9877007e+01   0.0000000e+00   7.8027225e+00
   4.1370444e+00  -2.2578961e+01  -5.5122941e+00  -1.1147440e+01  -6.0841346e+00   6.4175578e+00  -1.1602758e+01   4.1055467e+00   1.2327811e+01   1.3392885e+01  -1.6483203e+01   1.9744034e+01   8.4731396e+00  -5.9553156e+00   4.4900983e+00  -1.4712454e+01  -4.3655884e+00  -8.3767963e+00   6.9603678e+00   9.1465018e+00   5.2490906e+00  -1.1805775e+00  -7.7179743e+00   7.8027225e+00   0.0000000e+00
