   0.0000000e+00  -2.4469869e+01   3.2416535e+01   3.5536231e+01  -2.9272938e+01  -7.3015253e+00  -1.3659066e+01   1.9353947e+01  -1.2378131e+01  -1.9000289e+01   8.7551240e+00  -2.0626669e+00   3.0298545e+01   2.5125128e+00   2.4449703e+01   1.3073212e+01  -1.1402271e+01  -2.5167135e+01   4.7821171e+00   2.0245740e+01  -9.2159021e+00   1.7527443e+01  -2.1677433e+01   2.2695628e+01   9.7618253e+00
  -2.4469869e+01   0.0000000e+00  -2.2080651e+01  -2.0224838e+01   1.3985568e+01  -2.3061961e+00   2.6954235e+01  -2.2912847e+01  -1.9434700e+01   8.5899927e+00  -1.1552922e-01  -2.5117316e+01  -1.0462906e+01  -5.4992084e+00  -8.0857360e-01   1.7122748e+01  -1.2754662e+01   1.7728116e+01  -4.1294033e+00   5.1479987e+00  -1.1404004e+01  -1.4661389e+01   1.0578348e+01  -7.3663550e+00  -1.8955379e+01
   3.2416535e+01  -2.2080651e+01   0.0000000e+00   3.2154405e+01  -2.9737820e+01   1.6493935e+01  -5.6787389e+00   2.3275081e+01   2.3950823e+00  -1.8233241e+01  -5.8111459e+00  -2.0269534e+00   2.2865505e+01   1.5676858e+01   2.7289138e+01   1.3770738e+01  -1.0040111e+01  -2.2433628e+01  -1.7215218e+01   1.3284425e+01  -1.4030063e+01   1.5056517e+01  -2.0495685e+01   1.7481426e+01   7.7579697e+00
   3.5536231e+01  -2.0224838e+01   3.2154405e+01   0.0000000e+00  -2.4470484e+01   6.9616891e+00  -4.7151840e+00   1.9898087e+01  -3.2608812e+00  -1.2054696e+01   1.1322227e+00  -7.0499972e+00   2.5224129e+01   7.6100315e+00   2.5506106e+01   1.6911077e+01  -1.1693733e+01  -2.1924773e+01  -1.1257042e+01   1.9014321e+01  -1.2394200e+01   1.6504631e+01  -1.9955744e+01   2.3070471e+01   7.2366042e+00
  -2.9272938e+01   1.3985568e+01  -2.9737820e+01  -2.4470484e+01   0.0000000e+00   8.4937625e-01   1.3910847e+01  -2.9386522e+01   1.7610315e+01   2.2134481e+01  -2.0136846e+00  -6.3357394e+00  -1.5560429e+01  -3.0080367e-01  -1.7688942e+01  -1.6386095e+01   1.0194550e+00   2.3427105e+01   2.1760434e+01  -2.1634164e+01   1.2591667e+01  -2.5302768e+01   2.4351238e+01  -2.5875743e+01  -5.2982781e+00
  -7.3015253e+00  -2.3061961e+00   1.6493935e+01   6.9616891e+00   8.4937625e-01   0.0000000e+00   6.9126676e-01  -1.2057412e+01  -1.4140521e+00   1.1725934e+00  -1.2305034e+01  -2.9881364e-01   1.4365271e+01   2.9027755e+01   8.8428806e+00  -9.8273846e+00  -4.3430521e+00  -1.0067062e+00   1.0353756e+01  -5.3440615e+00  -1.5066616e+00  -4.0629548e+00  -2.5509438e-01  -1.1877680e+00   6.3330355e+00
  -1.3659066e+01   2.6954235e+01  -5.6787389e+00  -4.7151840e+00   1.3910847e+01   6.9126676e-01   0.0000000e+00  -1.3155800e+01  -1.7522770e+01   5.3031816e+00  -1.4962993e+01  -1.7778703e+01  -1.0825427e+01  -3.5514576e+00   1.3506535e+01   1.3896144e+01  -1.3463251e+01   1.2564061e+01  -1.6448057e+01   8.3281880e+00  -1.1814577e+01  -8.9717176e+00   6.2988202e+00   1.1269628e+00  -1.3353849e+01
   1.9353947e+01  -2.2912847e+01   2.3275081e+01   1.9898087e+01  -2.9386522e+01  -1.2057412e+01  -1.3155800e+01   0.0000000e+00   8.7098753e+00  -1.3716120e+01   7.1077389e+00   1.0872985e+01  -3.6021634e+00  -1.1766263e+01   1.3596489e+01   1.2892307e+01  -9.5469562e-01  -2.1762284e+01  -1.8553781e+01   1.4766346e+01  -5.1858502e+00   2.2105890e+01  -1.8608721e+01   1.8727044e+01   1.0416021e+01
  -1.2378131e+01  -1.9434700e+01   2.3950823e+00  -3.2608812e+00   1.7610315e+01  -1.4140521e+00  -1.7522770e+01   8.7098753e+00   0.0000000e+00   2.4264782e+01   1.5693605e+01   4.3459436e+00  -8.0743803e+00  -2.6022202e+00  -5.7520261e+00  -1.0452463e+01   2.9519663e+00  -4.3892453e-01  -5.3954729e+00  -1.6297348e+01   6.1553878e+00  -1.0971600e+01   7.9725885e+00  -1.4291687e+01   1.0447183e+01
  -1.9000289e+01   8.5899927e+00  -1.8233241e+01  -1.2054696e+01   2.2134481e+01   1.1725934e+00   5.3031816e+00  -1.3716120e+01   2.4264782e+01   0.0000000e+00   6.1492598e+00  -8.3531727e+00  -4.7503130e+00  -1.2411077e+00  -1.2909260e+01  -8.7113538e+00   4.1485367e-01   1.6524738e+01   1.2321454e-01  -1.1613984e+01   2.4517643e+00  -1.6962469e+01   1.1211881e+01  -1.4206965e+01   5.2120522e-01
   8.7551240e+00  -1.1552922e-01  -5.8111459e+00   1.1322227e+00  -2.0136846e+00  -1.2305034e+01  -1.4962993e+01   7.1077389e+00   1.5693605e+01   6.1492598e+00   0.0000000e+00  -8.9448365e+00   1.8037571e+01  -8.4407730e+00   1.4691646e+01  -1.3537648e+01  -1.0369125e+01  -1.5692253e+01   2.1605892e+01  -1.5197771e+01  -3.4075006e-01  -1.2880208e-01  -3.2630254e+00  -1.0107433e+01  -2.1685173e+00
  -2.0626669e+00  -2.5117316e+01  -2.0269534e+00  -7.0499972e+00  -6.3357394e+00  -2.9881364e-01  -1.7778703e+01   1.0872985e+01   4.3459436e+00  -8.3531727e+00  -8.9448365e+00   0.0000000e+00  -6.8843704e+00  -2.4347721e+00  -8.9883939e+00  -2.3922681e+01   1.4605406e+01  -5.3762366e+00   3.4980526e+00  -1.3446591e+01   1.0878555e+01  -1.4166689e+00   3.6896672e-01   2.7814270e-02   1.6527425e+01
   3.0298545e+01  -1.0462906e+01   2.2865505e+01   2.5224129e+01  -1.5560429e+01   1.4365271e+01  -1.0825427e+01  -3.6021634e+00  -8.0743803e+00  -4.7503130e+00   1.8037571e+01  -6.8843704e+00   0.0000000e+00   1.7518068e+01   1.6123971e+01  -2.2153363e-01  -1.0560450e+01  -1.6381287e+01   2.0152947e+01   5.6205447e+00  -3.9319903e+00   1.3519265e+00  -1.3041423e+01   2.6296285e+00   8.4308364e+00
   2.5125128e+00  -5.4992084e+00   1.5676858e+01   7.6100315e+00  -3.0080367e-01   2.9027755e+01  -3.5514576e+00  -1.1766263e+01  -2.6022202e+00  -1.2411077e+00  -8.4407730e+00  -2.4347721e+00   1.7518068e+01   0.0000000e+00   8.6282396e+00  -9.1826727e+00  -8.3789744e-01   5.1577276e-01   1.8661461e+01  -1.0962302e+01   3.8971018e+00  -5.0449673e+00   1.6226354e+00  -1.0663392e+01   4.5448664e+00
   2.4449703e+01  -8.0857360e-01   2.7289138e+01   2.5506106e+01  -1.7688942e+01   8.8428806e+00   1.3506535e+01   1.3596489e+01  -5.7520261e+00  -1.2909260e+01   1.4691646e+01  -8.9883939e+00   1.6123971e+01   8.6282396e+00   0.0000000e+00   1.6911335e+01  -1.3668386e+01  -1.7096464e+01  -5.7856217e+00   1.6146490e+01  -1.3633904e+01   9.8333610e+00  -1.2846510e+01   1.6461429e+01   2.3838568e+00
   1.3073212e+01   1.7122748e+01   1.3770738e+01   1.6911077e+01  -1.6386095e+01  -9.8273846e+00   1.3896144e+01   1.2892307e+01  -1.0452463e+01  -8.7113538e+00  -1.3537648e+01  -2.3922681e+01  -2.2153363e-01  -9.1826727e+00   1.6911335e+01   0.0000000e+00  -1.8556324e+01  -1.3218397e+01  -2.4639056e+01   2.5407148e+01  -2.1011852e+01   2.0755427e+01  -1.7893610e+01   2.1136014e+01  -7.6095802e+00
  -1.1402271e+01  -1.2754662e+01  -1.0040111e+01  -1.1693733e+01   1.0194550e+00  -4.3430521e+00  -1.3463251e+01  -9.5469562e-01   2.9519663e+00   4.1485367e-01  -1.0369125e+01   1.4605406e+01  -1.0560450e+01  -8.3789744e-01  -1.3668386e+01  -1.8556324e+01   0.0000000e+00   1.1988065e+01   2.0663923e+00  -1.6336134e+01   1.0030812e+01  -5.1809661e+00   1.1747322e+01  -1.1461488e+01   2.1826097e-01
  -2.5167135e+01   1.7728116e+01  -2.2433628e+01  -2.1924773e+01   2.3427105e+01  -1.0067062e+00   1.2564061e+01  -2.1762284e+01  -4.3892453e-01   1.6524738e+01  -1.5692253e+01  -5.3762366e+00  -1.6381287e+01   5.1577276e-01  -1.7096464e+01  -1.3218397e+01   1.1988065e+01   0.0000000e+00  -3.3160473e+00  -1.7708223e+01   7.7170818e+00  -1.4487772e+01   2.3146674e+01  -2.1691045e+01  -9.1615400e+00
   4.7821171e+00  -4.1294033e+00  -1.7215218e+01  -1.1257042e+01   2.1760434e+01   1.0353756e+01  -1.6448057e+01  -1.8553781e+01  -5.3954729e+00   1.2321454e-01   2.1605892e+01   3.4980526e+00   2.0152947e+01   1.8661461e+01  -5.7856217e+00  -2.4639056e+01   2.0663923e+00  -3.3160473e+00   0.0000000e+00  -2.2375151e+01   1.9155649e+01  -1.3922825e+01   6.8378124e+00  -1.6593021e+01   7.0119727e+00
   2.0245740e+01   5.1479987e+00   1.3284425e+01   1.9014321e+01  -2.1634164e+01  -5.3440615e+00   8.3281880e+00   1.4766346e+01  -1.6297348e+01  -1.1613984e+01  -1.5197771e+01  -1.3446591e+01   5.6205447e+00  -1.0962302e+01   1.6146490e+01   2.5407148e+01  -1.6336134e+01  -1.7708223e+01  -2.2375151e+01   0.0000000e+00  -1.7699287e+01   2.1338424e+01  -1.9975314e+01   2.7252138e+01   2.4732968e+00
  -9.2159021e+00  -1.1404004e+01  -1.4030063e+01  -1.2394200e+01   1.2591667e+01  -1.5066616e+00  -1.1814577e+01  -5.1858502e+00   6.1553878e+00   2.4517643e+00  -3.4075006e-01   1.0878555e+01  -3.9319903e+00   3.8971018e+00  -1.3633904e+01  -2.1011852e+01   1.0030812e+01   7.7170818e+00   1.9155649e+01  -1.7699287e+01   0.0000000e+00  -1.0668130e+01   1.1665433e+01  -1.4724783e+01   7.2318716e+00
   1.7527443e+01  -1.4661389e+01   1.5056517e+01   1.6504631e+01  -2.5302768e+01  -4.0629548e+00  -8.9717176e+00   2.2105890e+01  -1.0971600e+01  -1.6962469e+01  -1.2880208e-01  -1.4166689e+00   1.3519265e+00  -5.0449673e+00   9.8333610e+00   2.0755427e+01  -5.1809661e+00  -1.4487772e+01  -1.3922825e+01   2.1338424e+01  -1.0668130e+01   0.0000000e+00  -1.7017310e+01   2.0107014e+01   3.3121356e+00
  -2.1677433e+01   1.0578348e+01  -2.0495685e+01  -1.9955744e+01   2.4351238e+01  -2.5509438e-01   6.2988202e+00  -1.8608721e+01   7.9725885e+00   1.1211881e+01  -3.2630254e+00   3.6896672e-01  -1.3041423e+01   1.6226354e+00  -1.2846510e+01  -1.7893610e+01   1.1747322e+01   2.3146674e+01   6.8378124e+00  -1.9975314e+01   1.1665433e+01  -1.7017310e+01   0.0000000e+00  -2.2094904e+01  -6.2228342e+00
   2.2695628e+01  -7.3663550e+00   1.7481426e+01   2.3070471e+01  -2.5875743e+01  -1.1877680e+00   1.1269628e+00   1.8727044e+01  -1.4291687e+01  -1.4206965e+01  -1.0107433e+01   2.7814270e-02   2.6296285e+00  -1.0663392e+01   1.6461429e+01   2.1136014e+01  -1.1461488e+01  -2.1691045e+01  -1.6593021e+01   2.7252138e+01  -1.4724783e+01   2.0107014e+01  -2.2094904e+01   0.0000000e+00   5.8508141e+00
   9.7618253e+00  -1.8955379e+01   7.7579697e+00   7.2366042e+00  -5.2982781e+00   6.3330355e+00  -1.3353849e+01   1.0416021e+01   1.0447183e+01   5.2120522e-01  -2.1685173e+00   1.6527425e+01   8.4308364e+00   4.5448664e+00   2.3838568e+00  -7.6095802e+00   2.1826097e-01  -9.1615400e+00   7.0119727e+00   2.4732968e+00   7.2318716e+00   3.3121356e+00  -6.2228342e+00   5.8508141e+00   0.0000000e+00
