   0.0000000e+00  -7.3228488e+00   1.2480402e+01  -8.0893072e+00  -1.1394768e+01  -1.4389524e+00  -1.1054691e+01  -1.1056592e+01   1.6407704e+01  -1.6869234e+01   1.0705242e+01  -1.6621384e+01   7.7241106e+00   1.3517971e+01  -8.0915625e+00   1.0107502e+01   1.4443148e+01  -1.3309690e+01  -9.7193224e+00  -5.7537248e+00  
  -7.3228488e+00   0.0000000e+00   1.6870804e+01   1.1050703e+01   1.9990563e+01  -1.0187567e+01   1.4219976e+01   1.7002933e+01  -5.4835280e+00   1.0418305e+01  -1.8423902e+00   1.8360009e+01   1.9150062e+00   1.5538768e+01   1.0060445e+01  -7.8423349e+00   1.4590738e+01   1.4661378e+01   3.7429309e+00   9.7673301e+00  
   1.2480402e+01   1.6870804e+01   0.0000000e+00  -1.2096144e+00   1.8742812e+01  -1.3217976e+01   7.3655479e-01   2.3719893e+01  -8.1964559e+00  -2.2795546e+01  -8.2790750e+00   1.3350981e+01   9.1422645e-01   2.1931410e+00   7.6558919e+00   1.6481083e+01   8.5121147e-01   2.1161992e+01  -1.0251495e+01  -6.3313833e+00  
  -8.0893072e+00   1.1050703e+01  -1.2096144e+00   0.0000000e+00   6.2054025e+00   1.7687997e+00   1.7785364e+01   1.9383799e+01  -8.0079097e+00   1.5423553e+01   1.5352749e+01   1.8937000e+01   1.8350120e+01  -1.8549575e+00   1.2054192e+01   1.9529466e+00   4.9271931e+00   2.0630415e+01   6.2704547e+00  -1.1214478e+01  
  -1.1394768e+01   1.9990563e+01   1.8742812e+01   6.2054025e+00   0.0000000e+00   3.2468476e-01   6.8043711e+00   5.4399256e+00   2.4762074e+01   1.2532913e+01  -1.6385117e+01  -2.8742336e+00   1.7399237e+01  -1.4722361e+01   1.7504391e+01   4.5222822e+00  -2.1602945e+01   1.9418921e+01   7.0110914e-01  -1.1436954e-01  
  -1.4389524e+00  -1.0187567e+01  -1.3217976e+01   1.7687997e+00   3.2468476e-01   0.0000000e+00  -6.7526102e+00  -1.6460133e+00   1.1359833e+00  -1.2074996e+01   6.0651387e+00   1.3561561e+01  -5.6580152e+00  -1.1734901e+01   4.3442606e-01   8.2569621e+00  -5.3345777e-01  -1.0374005e+00   5.9413022e+00  -7.3951020e+00  
  -1.1054691e+01   1.4219976e+01   7.3655479e-01   1.7785364e+01   6.8043711e+00  -6.7526102e+00   0.0000000e+00   1.1963775e+01  -1.8520107e+01  -1.2219645e+01   1.6632149e+01   2.1812475e+01   1.3292505e+01   1.1176382e+01   1.5206555e+01   2.0019819e+01   2.0019803e+01  -6.6917552e+00   6.9575448e+00   5.2198703e+00  
  -1.1056592e+01   1.7002933e+01   2.3719893e+01   1.9383799e+01   5.4399256e+00  -1.6460133e+00   1.1963775e+01   0.0000000e+00  -2.1144506e+01  -1.6780094e+01   8.0681362e+00   1.0303007e+01   2.9631313e-01   1.0925732e+01  -7.4992443e+00  -1.1689871e+01   7.2569618e+00   1.5775859e+01   5.0487224e+00   2.1711939e+00  
   1.6407704e+01  -5.4835280e+00  -8.1964559e+00  -8.0079097e+00   2.4762074e+01   1.1359833e+00  -1.8520107e+01  -2.1144506e+01   0.0000000e+00   1.7400079e+01  -3.3501271e+00  -9.1988291e+00   8.2383040e+00   8.6973723e+00   1.2441359e+01   1.5097941e-01   1.5579761e+01  -1.8203153e+01   1.3215836e+01  -4.9143307e+00  
  -1.6869234e+01   1.0418305e+01  -2.2795546e+01   1.5423553e+01   1.2532913e+01  -1.2074996e+01  -1.2219645e+01  -1.6780094e+01   1.7400079e+01   0.0000000e+00   2.0565643e+01   1.2543196e+01   1.1336986e+01   1.3203467e+01  -1.6026102e+00   1.8060401e+01  -8.8986876e-01   1.1589641e+01  -1.1283855e+01  -2.9684442e-01  
   1.0705242e+01  -1.8423902e+00  -8.2790750e+00   1.5352749e+01  -1.6385117e+01   6.0651387e+00   1.6632149e+01   8.0681362e+00  -3.3501271e+00   2.0565643e+01   0.0000000e+00  -9.3127111e+00  -1.6036332e+00   1.1958318e+01  -1.6839018e+01  -1.4416863e+01   2.1121986e+01   8.7226971e+00   4.6453726e+00  -7.6289294e+00  
  -1.6621384e+01   1.8360009e+01   1.3350981e+01   1.8937000e+01  -2.8742336e+00   1.3561561e+01   2.1812475e+01   1.0303007e+01  -9.1988291e+00   1.2543196e+01  -9.3127111e+00   0.0000000e+00   6.5214929e+00  -1.8245738e+01   7.1329147e+00   5.8363878e+00   1.5828300e+01   1.5591053e+01   2.2593885e+00  -1.3691829e+01  
   7.7241106e+00   1.9150062e+00   9.1422645e-01   1.8350120e+01   1.7399237e+01  -5.6580152e+00   1.3292505e+01   2.9631313e-01   8.2383040e+00   1.1336986e+01  -1.6036332e+00   6.5214929e+00   0.0000000e+00   1.2018379e+01   3.8870882e+00  -1.4956139e+01  -7.2399111e+00   3.9909110e+00  -1.0899485e+01  -1.1760909e+01  
   1.3517971e+01   1.5538768e+01   2.1931410e+00  -1.8549575e+00  -1.4722361e+01  -1.1734901e+01   1.1176382e+01   1.0925732e+01   8.6973723e+00   1.3203467e+01   1.1958318e+01  -1.8245738e+01   1.2018379e+01   0.0000000e+00   1.1991982e+01  -1.0382036e+01   1.7749805e+01   1.1601510e+01  -6.3977338e+00  -2.1868766e+00  
  -8.0915625e+00   1.0060445e+01   7.6558919e+00   1.2054192e+01   1.7504391e+01   4.3442606e-01   1.5206555e+01  -7.4992443e+00   1.2441359e+01  -1.6026102e+00  -1.6839018e+01   7.1329147e+00   3.8870882e+00   1.1991982e+01   0.0000000e+00   1.1503895e+01  -5.9558492e+00   1.1586569e+01   5.2691074e+00   2.1859448e-01  
   1.0107502e+01  -7.8423349e+00   1.6481083e+01   1.9529466e+00   4.5222822e+00   8.2569621e+00   2.0019819e+01  -1.1689871e+01   1.5097941e-01   1.8060401e+01  -1.4416863e+01   5.8363878e+00  -1.4956139e+01  -1.0382036e+01   1.1503895e+01   0.0000000e+00   1.2937724e+01   8.9292998e+00  -7.2589847e+00  -1.1033174e+01  
   1.4443148e+01   1.4590738e+01   8.5121147e-01   4.9271931e+00  -2.1602945e+01  -5.3345777e-01   2.0019803e+01   7.2569618e+00   1.5579761e+01  -8.8986876e-01   2.1121986e+01   1.5828300e+01  -7.2399111e+00   1.7749805e+01  -5.9558492e+00   1.2937724e+01   0.0000000e+00  -1.8222441e+01  -8.0817128e+00  -2.9618043e+00  
  -1.3309690e+01   1.4661378e+01   2.1161992e+01   2.0630415e+01   1.9418921e+01  -1.0374005e+00  -6.6917552e+00   1.5775859e+01  -1.8203153e+01   1.1589641e+01   8.7226971e+00   1.5591053e+01   3.9909110e+00   1.1601510e+01   1.1586569e+01   8.9292998e+00  -1.8222441e+01   0.0000000e+00  -6.5657651e+00   2.3884799e+00  
  -9.7193224e+00   3.7429309e+00  -1.0251495e+01   6.2704547e+00   7.0110914e-01   5.9413022e+00   6.9575448e+00   5.0487224e+00   1.3215836e+01  -1.1283855e+01   4.6453726e+00   2.2593885e+00  -1.0899485e+01  -6.3977338e+00   5.2691074e+00  -7.2589847e+00  -8.0817128e+00  -6.5657651e+00   0.0000000e+00  -5.3801340e+00  
  -5.7537248e+00   9.7673301e+00  -6.3313833e+00  -1.1214478e+01  -1.1436954e-01  -7.3951020e+00   5.2198703e+00   2.1711939e+00  -4.9143307e+00  -2.9684442e-01  -7.6289294e+00  -1.3691829e+01  -1.1760909e+01  -2.1868766e+00   2.1859448e-01  -1.1033174e+01  -2.9618043e+00   2.3884799e+00  -5.3801340e+00   0.0000000e+00  
