   0.0000000e+00  -7.2737758e+00   4.5015443e-01  -1.1863704e+01  -1.3148756e+01  -1.1208341e+01  -1.1228564e+01  -1.4806081e+01   2.0432491e+01  -4.9742092e+00   1.0249325e+01  -1.2584065e+01  -1.2234001e+01   1.4422958e+01  -5.1705395e+00   1.2237645e+01   1.6519728e+01  -1.2338757e+01  -1.4128365e+01   7.2897629e+00
  -7.2737758e+00   0.0000000e+00   2.2796968e+01   2.2566534e+01   2.3817043e+01   2.9759876e+00   2.3463365e+01   2.3085306e+01   8.3479118e+00   1.9610354e+01   1.7416210e+01   2.2652418e+01   1.9495419e+01   1.8691432e+01   2.0173754e+01   1.5353542e+01   1.3485609e+01   2.2547245e+01   7.8615108e+00  -7.7832824e+00
   4.5015443e-01   2.2796968e+01   0.0000000e+00   1.9709386e+01   2.0777339e+01   4.8332360e+00   2.0395220e+01   2.1161384e+01   3.4703647e+00   1.1450222e+01   1.1849068e+01   2.0215536e+01   1.5933183e+01   1.5868789e+01   1.6760609e+01   1.8239325e+01   1.2687513e+01   2.1368554e+01   2.2268632e+00  -4.9525575e+00
  -1.1863704e+01   2.2566534e+01   1.9709386e+01   0.0000000e+00   2.0935816e+01   1.2124197e+01   2.2966751e+01   2.2960437e+01   3.6331714e+00   1.9959438e+01   1.8013774e+01   2.2812014e+01   2.0770029e+01   1.5175105e+01   1.9442569e+01   1.3317767e+01   1.0304691e+01   2.3059546e+01   1.3871690e+01  -6.9917586e+00
  -1.3148756e+01   2.3817043e+01   2.0777339e+01   2.0935816e+01   0.0000000e+00   1.0170536e+01   2.0541322e+01   2.1495620e+01   8.2374680e+00   1.7605353e+01   1.2172070e+01   2.1883005e+01   1.9779916e+01   1.2537050e+01   1.9589674e+01   1.4053306e+01   2.2775325e+00   2.3131646e+01   1.2518076e+01  -1.1906870e+00
  -1.1208341e+01   2.9759876e+00   4.8332360e+00   1.2124197e+01   1.0170536e+01   0.0000000e+00   1.3425979e+01   1.2145924e+01  -3.0565638e+00   2.6856928e+00   9.4645144e+00   1.3623585e+01   1.4382562e+01  -2.8792867e+00   1.0379514e+01   5.5872214e-01  -2.1457479e+00   1.1070125e+01   1.7934084e+01   1.8439051e-01
  -1.1228564e+01   2.3463365e+01   2.0395220e+01   2.2966751e+01   2.0541322e+01   1.3425979e+01   0.0000000e+00   2.3473145e+01  -1.1476575e+00   1.7194993e+01   1.7142175e+01   2.3565671e+01   2.0413209e+01   1.4878615e+01   1.9832461e+01   1.4375338e+01   1.2080528e+01   2.1025222e+01   1.4498854e+01  -7.9077363e+00
  -1.4806081e+01   2.3085306e+01   2.1161384e+01   2.2960437e+01   2.1495620e+01   1.2145924e+01   2.3473145e+01   0.0000000e+00  -7.3996975e+00   1.5151134e+01   1.3716538e+01   2.2518825e+01   2.0067355e+01   1.2692695e+01   1.7849087e+01   8.0825276e+00   4.2384686e+00   2.2989859e+01   1.3771025e+01  -8.6760224e+00
   2.0432491e+01   8.3479118e+00   3.4703647e+00   3.6331714e+00   8.2374680e+00  -3.0565638e+00  -1.1476575e+00  -7.3996975e+00   0.0000000e+00   1.5890712e+01   1.6997174e+01   1.9978136e+00   5.9244946e+00   1.9838142e+01   9.4891473e+00   1.1201811e+01   1.8853737e+01   1.5294438e-01  -1.4855679e+00   3.4431863e+00
  -4.9742092e+00   1.9610354e+01   1.1450222e+01   1.9959438e+01   1.7605353e+01   2.6856928e+00   1.7194993e+01   1.5151134e+01   1.5890712e+01   0.0000000e+00   2.1779127e+01   1.8551428e+01   2.0728500e+01   1.9359942e+01   1.6850622e+01   1.1147526e+01   1.3669225e+01   1.8262622e+01   9.3703083e+00  -5.4619826e+00
   1.0249325e+01   1.7416210e+01   1.1849068e+01   1.8013774e+01   1.2172070e+01   9.4645144e+00   1.7142175e+01   1.3716538e+01   1.6997174e+01   2.1779127e+01   0.0000000e+00   1.6812652e+01   1.7096117e+01   2.1173033e+01   1.3852325e+01   9.3645344e+00   1.8454862e+01   1.4960735e+01   9.5257879e+00  -1.5724177e+00
  -1.2584065e+01   2.2652418e+01   2.0215536e+01   2.2812014e+01   2.1883005e+01   1.3623585e+01   2.3565671e+01   2.2518825e+01   1.9978136e+00   1.8551428e+01   1.6812652e+01   0.0000000e+00   1.9507619e+01   1.3203855e+01   1.8419566e+01   1.4128414e+01   9.7816429e+00   2.1194841e+01   1.2854025e+01  -6.0713307e+00
  -1.2234001e+01   1.9495419e+01   1.5933183e+01   2.0770029e+01   1.9779916e+01   1.4382562e+01   2.0413209e+01   2.0067355e+01   5.9244946e+00   2.0728500e+01   1.7096117e+01   1.9507619e+01   0.0000000e+00   1.7118262e+01   1.7719391e+01   5.5048656e+00   6.4903448e+00   1.8778097e+01   1.4634841e+01  -9.5051945e+00
   1.4422958e+01   1.8691432e+01   1.5868789e+01   1.5175105e+01   1.2537050e+01  -2.8792867e+00   1.4878615e+01   1.2692695e+01   1.9838142e+01   1.9359942e+01   2.1173033e+01   1.3203855e+01   1.7118262e+01   0.0000000e+00   1.6031088e+01   1.3917901e+01   1.9395661e+01   1.4852411e+01   6.4982323e-01   2.1327363e+00
  -5.1705395e+00   2.0173754e+01   1.6760609e+01   1.9442569e+01   1.9589674e+01   1.0379514e+01   1.9832461e+01   1.7849087e+01   9.4891473e+00   1.6850622e+01   1.3852325e+01   1.8419566e+01   1.7719391e+01   1.6031088e+01   0.0000000e+00   1.3758960e+01   9.8689036e+00   1.9472081e+01   1.3133035e+01   1.6760694e+00
   1.2237645e+01   1.5353542e+01   1.8239325e+01   1.3317767e+01   1.4053306e+01   5.5872214e-01   1.4375338e+01   8.0825276e+00   1.1201811e+01   1.1147526e+01   9.3645344e+00   1.4128414e+01   5.5048656e+00   1.3917901e+01   1.3758960e+01   0.0000000e+00   1.5196673e+01   1.5262688e+01  -4.9329694e+00   8.8973401e+00
   1.6519728e+01   1.3485609e+01   1.2687513e+01   1.0304691e+01   2.2775325e+00  -2.1457479e+00   1.2080528e+01   4.2384686e+00   1.8853737e+01   1.3669225e+01   1.8454862e+01   9.7816429e+00   6.4903448e+00   1.9395661e+01   9.8689036e+00   1.5196673e+01   0.0000000e+00   4.3086677e+00  -3.7897181e+00  -4.2658570e+00
  -1.2338757e+01   2.2547245e+01   2.1368554e+01   2.3059546e+01   2.3131646e+01   1.1070125e+01   2.1025222e+01   2.2989859e+01   1.5294438e-01   1.8262622e+01   1.4960735e+01   2.1194841e+01   1.8778097e+01   1.4852411e+01   1.9472081e+01   1.5262688e+01   4.3086677e+00   0.0000000e+00   1.1711341e+01   1.2372424e+00
  -1.4128365e+01   7.8615108e+00   2.2268632e+00   1.3871690e+01   1.2518076e+01   1.7934084e+01   1.4498854e+01   1.3771025e+01  -1.4855679e+00   9.3703083e+00   9.5257879e+00   1.2854025e+01   1.4634841e+01   6.4982323e-01   1.3133035e+01  -4.9329694e+00  -3.7897181e+00   1.1711341e+01   0.0000000e+00  -5.7100443e+00
  -1.4128365e+01   7.8615108e+00   2.2268632e+00   1.3871690e+01   1.2518076e+01   1.7934084e+01   1.4498854e+01   1.3771025e+01  -1.4855679e+00   9.3703083e+00   9.5257879e+00   1.2854025e+01   1.4634841e+01   6.4982323e-01   1.3133035e+01  -4.9329694e+00  -3.7897181e+00   1.1711341e+01   0.0000000e+00  -5.7100443e+00
